[default-bg-2.jpg]
filters=ansel=1,ffe8e8e8;finetune2=1,0.000000,0.000000,0.000000,00000000,1.000000;ansel=1,ff009e25;Holga=1,100.000000,0.000000,0.000000;
moddate=6336f4f1b81ed301
width=1024
height=768
textactive=0
